90 90 90 90 90 90 90 90 90 90

90 90 90 90 90 90 90 90 90 90

90 90 90 90 90 90 90 90 90 90

90 90 90 90 90 90 90 90 90 90

90 90 90 90 90 90 90 90 90 90

90 90 90 90 90 90 90 90 90 90

90 90 90 90 90 90 90 90 90 90

90 90 90 90 90 90 90 90 90 90

90 90 90 90 90 90 90 90 90 90

90 90 90 90 90 90 90 90 90 90


90 90 90 90 90 90 90 90 90 90

90 90 90 90 90 90 90 90 90 90

90 90 90 90 90 90 90 90 90 90

90 90 90 90 90 90 90 90 90 90

90 90 90 90 90 90 90 90 90 90

90 90 90 90 90 90 90 90 90 90

90 90 90 90 90 90 90 90 90 90

90 90 90 90 90 90 90 90 90 90

90 90 90 90 90 90 90 90 90 90

90 90 90 90 90 90 90 90 90 90


90 90 90 90 90 90 90 90 90 90

90 90 90 90 90 90 90 90 90 90

90 90 90 90 90 90 90 90 90 90

90 90 90 90 90 90 90 90 90 90

90 90 90 90 90 90 90 90 90 90

90 90 90 90 90 90 90 90 90 90

90 90 90 90 90 90 90 90 90 90

90 90 90 90 90 90 90 90 90 90

90 90 90 90 90 90 90 90 90 90

90 90 90 90 90 90 90 90 90 90


90 90 90 90 90 90 90 90 90 90

90 90 90 90 90 90 90 90 90 90

90 90 90 90 90 90 90 90 90 90

90 90 90 90 90 90 90 90 90 90

90 90 90 90 90 90 90 90 90 90

90 90 90 90 90 90 90 90 90 90

90 90 90 90 90 90 90 90 90 90

90 90 90 90 90 90 90 90 90 90

90 90 90 90 90 90 90 90 90 90

90 90 90 90 90 90 90 90 90 90


90 90 90 90 90 90 90 90 90 90

90 90 90 90 90 90 90 90 90 90

90 90 90 90 90 90 90 90 90 90

90 90 90 90 90 90 90 90 90 90

90 90 90 90 90 90 90 90 90 90

90 90 90 90 90 90 90 90 90 90

90 90 90 90 90 90 90 90 90 90

90 90 90 90 90 90 90 90 90 90

90 90 90 90 90 90 90 90 90 90

90 90 90 90 90 90 90 90 90 90


90 90 90 90 90 90 90 90 90

b8 5c 7f 5c 50 8d 6c 24 28 68
4a 8e 04 08 c3 18 36 68 55


